xof 0303txt 0032
template ColorRGBA {
 <35ff44e0-6c7c-11cf-8f52-0040333594a3>
 FLOAT red;
 FLOAT green;
 FLOAT blue;
 FLOAT alpha;
}

template ColorRGB {
 <d3e16e81-7835-11cf-8f52-0040333594a3>
 FLOAT red;
 FLOAT green;
 FLOAT blue;
}

template Material {
 <3d82ab4d-62da-11cf-ab39-0020af71e433>
 ColorRGBA faceColor;
 FLOAT power;
 ColorRGB specularColor;
 ColorRGB emissiveColor;
 [...]
}

template TextureFilename {
 <a42790e1-7810-11cf-8f52-0040333594a3>
 STRING filename;
}

template Frame {
 <3d82ab46-62da-11cf-ab39-0020af71e433>
 [...]
}

template Matrix4x4 {
 <f6f23f45-7686-11cf-8f52-0040333594a3>
 array FLOAT matrix[16];
}

template FrameTransformMatrix {
 <f6f23f41-7686-11cf-8f52-0040333594a3>
 Matrix4x4 frameMatrix;
}

template Vector {
 <3d82ab5e-62da-11cf-ab39-0020af71e433>
 FLOAT x;
 FLOAT y;
 FLOAT z;
}

template MeshFace {
 <3d82ab5f-62da-11cf-ab39-0020af71e433>
 DWORD nFaceVertexIndices;
 array DWORD faceVertexIndices[nFaceVertexIndices];
}

template Mesh {
 <3d82ab44-62da-11cf-ab39-0020af71e433>
 DWORD nVertices;
 array Vector vertices[nVertices];
 DWORD nFaces;
 array MeshFace faces[nFaces];
 [...]
}

template MeshNormals {
 <f6f23f43-7686-11cf-8f52-0040333594a3>
 DWORD nNormals;
 array Vector normals[nNormals];
 DWORD nFaceNormals;
 array MeshFace faceNormals[nFaceNormals];
}

template MeshMaterialList {
 <f6f23f42-7686-11cf-8f52-0040333594a3>
 DWORD nMaterials;
 DWORD nFaceIndexes;
 array DWORD faceIndexes[nFaceIndexes];
 [Material <3d82ab4d-62da-11cf-ab39-0020af71e433>]
}

template Coords2d {
 <f6f23f44-7686-11cf-8f52-0040333594a3>
 FLOAT u;
 FLOAT v;
}

template MeshTextureCoords {
 <f6f23f40-7686-11cf-8f52-0040333594a3>
 DWORD nTextureCoords;
 array Coords2d textureCoords[nTextureCoords];
}

template XSkinMeshHeader {
 <3cf169ce-ff7c-44ab-93c0-f78f62d172e2>
 WORD nMaxSkinWeightsPerVertex;
 WORD nMaxSkinWeightsPerFace;
 WORD nBones;
}

template SkinWeights {
 <6f0d123b-bad2-4167-a0d0-80224f25fabb>
 STRING transformNodeName;
 DWORD nWeights;
 array DWORD vertexIndices[nWeights];
 array FLOAT weights[nWeights];
 Matrix4x4 matrixOffset;
}

template AnimTicksPerSecond {
 <9e415a43-7ba6-4a73-8743-b73d47e88476>
 DWORD AnimTicksPerSecond;
}

template Animation {
 <3d82ab4f-62da-11cf-ab39-0020af71e433>
 [...]
}

template AnimationSet {
 <3d82ab50-62da-11cf-ab39-0020af71e433>
 [Animation <3d82ab4f-62da-11cf-ab39-0020af71e433>]
}

template FloatKeys {
 <10dd46a9-775b-11cf-8f52-0040333594a3>
 DWORD nValues;
 array FLOAT values[nValues];
}

template TimedFloatKeys {
 <f406b180-7b3b-11cf-8f52-0040333594a3>
 DWORD time;
 FloatKeys tfkeys;
}

template AnimationKey {
 <10dd46a8-775b-11cf-8f52-0040333594a3>
 DWORD keyType;
 DWORD nKeys;
 array TimedFloatKeys keys[nKeys];
}


Material _15_-_Default {
 1.000000;1.000000;1.000000;1.000000;;
 9.999999;
 0.000000;0.000000;0.000000;;
 0.000000;0.000000;0.000000;;

 TextureFilename {
  "HoodieDOWN.png";
 }
}

Frame Dummy01 {
 

 FrameTransformMatrix {
  1.000000,0.000000,0.000000,0.000000,0.000000,-0.000000,-1.000000,0.000000,0.000000,1.000000,-0.000000,0.000000,0.000000,0.000000,0.000000,1.000000;;
 }

 Frame Bip01 {
  

  FrameTransformMatrix {
   -0.087155,0.982405,-0.165183,0.000000,-0.000001,0.165814,0.986157,0.000000,0.996195,0.085949,-0.014450,0.000000,-0.010000,-0.012284,0.490453,1.000000;;
  }

  Frame Bip01_Pelvis {
   

   FrameTransformMatrix {
    0.000000,1.000000,-0.000001,0.000000,-0.000001,0.000001,1.000000,0.000000,1.000000,0.000000,0.000001,0.000000,0.000000,0.000000,0.000000,1.000000;;
   }

   Frame Bip01_Spine {
    

    FrameTransformMatrix {
     0.984686,0.000002,-0.174337,0.000000,-0.000001,1.000000,0.000004,0.000000,0.174337,-0.000004,0.984686,0.000000,0.051619,0.000000,-0.000083,1.000000;;
    }

    Frame Bip01_Spine1 {
     

     FrameTransformMatrix {
      0.997819,0.052687,0.039774,0.000000,-0.044862,0.983198,-0.176942,0.000000,-0.048428,0.174771,0.983417,0.000000,0.106484,-0.000015,-0.000083,1.000000;;
     }

     Frame Bip01_Neck {
      

      FrameTransformMatrix {
       0.966067,-0.020835,0.257451,0.000000,0.025191,0.999590,-0.013632,0.000000,-0.257061,0.019655,0.966195,0.000000,0.130511,-0.000001,0.004626,1.000000;;
      }

      Frame Bip01_Head {
       

       FrameTransformMatrix {
        0.989321,-0.051753,-0.136255,0.000000,0.064251,0.993958,0.088989,0.000000,0.130826,-0.096793,0.986669,0.000000,0.033674,-0.000000,-0.000000,1.000000;;
       }
      }

      Frame Bip01_L_Clavicle {
       

       FrameTransformMatrix {
        -0.205975,0.976135,0.068811,0.000000,0.943873,0.216738,-0.249254,0.000000,-0.258220,0.013609,-0.965990,0.000000,-0.024734,0.015166,0.002017,1.000000;;
       }

       Frame Bip01_L_UpperArm {
        

        FrameTransformMatrix {
         0.385871,-0.777669,0.496320,0.000000,0.922466,0.332598,-0.196046,0.000000,-0.012616,0.533487,0.845714,0.000000,0.087086,-0.000000,0.000000,1.000000;;
        }

        Frame Bip01_L_Forearm {
         

         FrameTransformMatrix {
          0.943939,0.000000,-0.330119,0.000000,0.000000,1.000000,-0.000000,0.000000,0.330119,-0.000000,0.943939,0.000000,0.137062,-0.000000,0.000000,1.000000;;
         }

         Frame Bip01_L_Hand {
          

          FrameTransformMatrix {
           1.000000,-0.000000,0.000000,0.000000,0.000000,0.000796,1.000000,0.000000,0.000000,-1.000000,0.000796,0.000000,0.137062,0.000000,0.000000,1.000000;;
          }

          Frame Bip01_L_Finger0 {
           

           FrameTransformMatrix {
            0.690342,-0.181727,0.700288,0.000000,0.558537,0.749101,-0.356210,0.000000,-0.459853,0.637043,0.618637,0.000000,0.057681,-0.023605,-0.000272,1.000000;;
           }
          }

          Frame Bip01_L_Finger1 {
           

           FrameTransformMatrix {
            0.728079,-0.000546,0.685493,0.000000,0.000000,1.000000,0.000796,0.000000,-0.685493,-0.000580,0.728079,0.000000,0.084102,0.000000,0.000000,1.000000;;
           }
          }
         }
        }
       }
      }

      Frame Bip01_R_Clavicle {
       

       FrameTransformMatrix {
        -0.028509,-0.999573,-0.006461,0.000000,-0.965665,0.025871,0.258498,0.000000,-0.258220,0.013609,-0.965990,0.000000,-0.024080,-0.016250,0.001399,1.000000;;
       }

       Frame Bip01_R_UpperArm {
        

        FrameTransformMatrix {
         0.221390,0.975047,0.016433,0.000000,-0.974986,0.221654,-0.016512,0.000000,-0.019742,-0.012366,0.999729,0.000000,0.087086,0.000000,0.000000,1.000000;;
        }

        Frame Bip01_R_Forearm {
         

         FrameTransformMatrix {
          0.915660,-0.000000,-0.401954,0.000000,-0.000000,1.000000,-0.000000,0.000000,0.401954,-0.000000,0.915660,0.000000,0.137062,0.000000,-0.000000,1.000000;;
         }

         Frame Bip01_R_Hand {
          

          FrameTransformMatrix {
           0.975195,-0.000000,-0.221346,0.000000,-0.221346,0.000796,-0.975195,0.000000,0.000176,1.000000,0.000777,0.000000,0.137062,0.000000,0.000000,1.000000;;
          }

          Frame Bip01_R_Finger0 {
           

           FrameTransformMatrix {
            0.417774,-0.116941,0.900994,0.000000,-0.558537,0.749101,0.356210,0.000000,-0.716591,-0.652054,0.247639,0.000000,0.057681,0.023605,-0.000272,1.000000;;
           }
          }

          Frame Bip01_R_Finger1 {
           

           FrameTransformMatrix {
            0.352436,0.000745,0.935835,0.000000,-0.000000,1.000000,-0.000796,0.000000,-0.935836,0.000281,0.352436,0.000000,0.084102,0.000000,0.000000,1.000000;;
           }
          }
         }
        }
       }
      }
     }

     Frame Bip01_BackPack {
      

      FrameTransformMatrix {
       0.180560,0.080500,-0.980264,0.000000,0.047560,0.994764,0.090451,0.000000,0.982413,-0.062954,0.175786,0.000000,0.063697,0.000003,-0.088856,1.000000;;
      }
     }
    }

    Frame Bip01_L_Thigh {
     

     FrameTransformMatrix {
      -0.888504,0.030427,0.457858,0.000000,-0.032107,-0.999476,0.004114,0.000000,0.457744,-0.011045,0.889016,0.000000,-0.050843,0.055225,-0.008917,1.000000;;
     }

     Frame Bip01_L_Calf {
      

      FrameTransformMatrix {
       0.942235,-0.000000,-0.334952,0.000000,-0.000000,1.000000,-0.000000,0.000000,0.334952,0.000000,0.942235,0.000000,0.237500,0.000000,-0.000000,1.000000;;
      }

      Frame Bip01_L_Foot {
       

       FrameTransformMatrix {
        0.924325,-0.026487,0.380687,0.000000,-0.068962,0.969570,0.234901,0.000000,-0.375325,-0.243378,0.894371,0.000000,0.206841,-0.000000,0.000000,1.000000;;
       }

       Frame Bip01_L_Toe0 {
        

        FrameTransformMatrix {
         0.000000,0.000000,1.000000,0.000000,0.000000,1.000000,-0.000000,0.000000,-1.000000,0.000000,0.000000,0.000000,0.065373,0.000000,0.066450,1.000000;;
        }
       }
      }
     }
    }

    Frame Bip01_R_Thigh {
     

     FrameTransformMatrix {
      -0.996965,0.030321,-0.071704,0.000000,-0.029454,-0.999480,-0.013113,0.000000,-0.072065,-0.010961,0.997340,0.000000,-0.050843,-0.055225,-0.008917,1.000000;;
     }

     Frame Bip01_R_Calf {
      

      FrameTransformMatrix {
       0.730239,0.000000,-0.683192,0.000000,0.000000,1.000000,0.000000,0.000000,0.683192,-0.000000,0.730239,0.000000,0.237500,0.000000,0.000000,1.000000;;
      }

      Frame Bip01_R_Foot {
       

       FrameTransformMatrix {
        0.991957,0.087165,-0.091782,0.000000,-0.093276,0.993546,-0.064539,0.000000,0.085565,0.072581,0.993685,0.000000,0.206841,-0.000000,0.000000,1.000000;;
       }

       Frame Bip01_R_Toe0 {
        

        FrameTransformMatrix {
         0.000000,0.000000,1.000000,0.000000,0.000000,1.000000,-0.000000,0.000000,-1.000000,0.000000,0.000000,0.000000,0.065373,0.000000,0.066450,1.000000;;
        }
       }
      }
     }
    }
   }

   Frame Bip01_DressFront {
    

    FrameTransformMatrix {
     -0.880185,-0.088339,0.466338,0.000000,0.121847,0.907542,0.401896,0.000000,-0.458725,0.410564,-0.788041,0.000000,-0.043935,0.001339,0.061057,1.000000;;
    }

    Frame Bip01_DressFront02 {
     

     FrameTransformMatrix {
      0.912593,0.000001,0.408870,0.000000,-0.000001,1.000000,-0.000000,0.000000,-0.408870,-0.000000,0.912593,0.000000,0.183378,-0.000000,-0.000120,1.000000;;
     }
    }
   }

   Frame Bip01_DressBack {
    

    FrameTransformMatrix {
     -0.886023,0.038029,0.462080,0.000000,0.191625,0.937561,0.290274,0.000000,-0.422190,0.345735,-0.837988,0.000000,-0.047673,-0.000048,-0.078302,1.000000;;
    }

    Frame Bip01_DressBack02 {
     

     FrameTransformMatrix {
      0.936852,0.174932,-0.302833,0.000000,-0.166408,0.984581,0.053939,0.000000,0.307600,-0.000139,0.951516,0.000000,0.176125,0.000000,-0.000103,1.000000;;
     }
    }
   }
  }

  Frame Bip01_Prop1 {
   

   FrameTransformMatrix {
    -0.233929,-0.108090,0.966227,0.000000,0.687222,0.684611,0.242967,0.000000,-0.687752,0.720849,-0.085868,0.000000,0.076452,-0.048658,-0.145664,1.000000;;
   }
  }

  Frame Bip01_Prop2 {
   

   FrameTransformMatrix {
    -0.163643,-0.967062,0.194966,0.000000,0.985576,-0.168906,-0.010564,0.000000,0.043147,0.190425,0.980753,0.000000,-0.138405,-0.102098,0.114818,1.000000;;
   }
  }
 }
}

Frame Translation_Data {
 

 FrameTransformMatrix {
  -0.000000,0.000000,-1.000000,0.000000,-1.000000,-0.000000,0.000000,0.000000,-0.000000,1.000000,0.000000,0.000000,0.000000,-0.000000,0.000000,1.000000;;
 }
}

Frame Bob_HoodieDOWN {
 

 FrameTransformMatrix {
  1.000000,0.000000,0.000000,0.000000,0.000000,1.000000,0.000000,0.000000,0.000000,0.000000,1.000000,0.000000,0.000000,0.000000,0.000000,1.000000;;
 }

 Mesh Bob_HoodieDOWN {
  368;
  0.066847;0.781374;0.012382;,
  0.033633;0.769922;0.000100;,
  0.029716;0.794398;0.025181;,
  0.079065;0.760526;0.002255;,
  0.086654;0.741454;-0.003098;,
  0.054853;0.710512;-0.033041;,
  0.041642;0.744084;-0.017510;,
  0.093502;0.705753;0.000536;,
  0.036661;0.806261;0.077788;,
  0.076926;0.775920;0.092588;,
  0.063464;0.797374;0.064579;,
  0.049098;0.778516;0.098967;,
  0.092222;0.555502;0.054438;,
  0.046937;0.561995;0.082480;,
  0.045892;0.550633;0.087300;,
  0.091266;0.565245;0.050511;,
  0.079396;0.566596;-0.012887;,
  0.093523;0.539613;0.008348;,
  0.048052;0.562177;-0.047855;,
  0.076859;0.513504;-0.027354;,
  0.045738;0.511465;-0.039872;,
  -0.000000;0.710673;-0.040958;,
  -0.000000;0.744266;-0.022797;,
  -0.000000;0.559771;0.082402;,
  -0.000000;0.546373;0.087082;,
  0.053386;0.647872;0.086143;,
  0.000000;0.682005;0.102595;,
  0.000000;0.648186;0.090384;,
  0.057550;0.684758;0.098590;,
  0.101782;0.513707;0.076321;,
  0.045603;0.512528;0.103486;,
  0.101314;0.516843;0.014045;,
  0.048828;0.604696;0.077663;,
  0.086447;0.649343;0.067034;,
  0.098875;0.657810;0.049668;,
  0.074979;0.618344;-0.009829;,
  0.092264;0.671053;-0.003716;,
  0.085090;0.608723;0.046892;,
  0.056159;0.675509;-0.040900;,
  0.050731;0.618761;-0.045560;,
  -0.000000;0.675852;-0.047625;,
  -0.000000;0.614827;-0.051782;,
  0.134809;0.786638;0.003407;,
  0.184701;0.786903;0.014052;,
  0.118171;0.730481;0.007986;,
  0.234227;0.722633;0.022564;,
  0.178034;0.722547;0.014069;,
  0.239399;0.775480;0.022509;,
  0.123881;0.727512;0.075247;,
  0.178034;0.722547;0.014069;,
  0.173321;0.722906;0.083010;,
  0.225220;0.723039;0.079417;,
  0.234227;0.722633;0.022564;,
  0.122429;0.738250;0.087863;,
  0.179409;0.786970;0.083230;,
  0.130910;0.785519;0.078263;,
  0.230512;0.775671;0.079451;,
  0.133841;0.794079;0.036606;,
  0.265001;0.777023;0.016834;,
  0.323638;0.718584;0.018105;,
  0.262631;0.714802;0.017890;,
  0.322812;0.759344;0.017190;,
  0.359661;0.717227;0.020143;,
  0.366903;0.749067;0.019824;,
  0.262631;0.714802;0.017890;,
  0.320950;0.728178;0.077495;,
  0.258492;0.715429;0.083451;,
  0.323638;0.718584;0.018105;,
  0.360718;0.725500;0.065131;,
  0.359661;0.717227;0.020143;,
  0.319861;0.759738;0.076339;,
  0.260771;0.777281;0.082593;,
  0.367099;0.749869;0.062742;,
  0.096885;0.795173;0.066909;,
  0.102135;0.804039;0.036763;,
  0.063464;0.797374;0.064579;,
  0.064276;0.798268;0.038905;,
  0.095381;0.691791;0.081719;,
  0.052658;0.802649;0.044432;,
  0.097017;0.791145;0.010550;,
  0.079065;0.760526;0.002255;,
  0.066847;0.781374;0.012382;,
  0.103950;0.761965;0.004779;,
  0.100723;0.737297;0.087517;,
  0.058212;0.721962;0.103612;,
  0.106080;0.741604;0.085414;,
  -0.000000;0.716208;0.105872;,
  -0.000000;0.775287;0.098180;,
  0.076926;0.775920;0.092588;,
  0.106080;0.741604;0.085414;,
  0.097545;0.729614;0.026750;,
  0.103007;0.732952;0.072101;,
  0.118171;0.730481;0.007986;,
  0.102351;0.696834;0.046200;,
  0.096727;0.699963;0.014729;,
  0.086654;0.741454;-0.003098;,
  0.103787;0.694981;0.063292;,
  0.048519;0.806594;0.044844;,
  0.044027;0.795642;0.086040;,
  0.000008;0.805803;0.086003;,
  -0.000000;0.800327;0.094391;,
  0.042231;0.813650;0.028549;,
  0.036009;0.809029;0.022159;,
  0.028483;0.808273;0.010539;,
  0.048481;0.810376;0.034632;,
  0.052561;0.801966;0.042465;,
  0.043673;0.795064;0.053447;,
  0.024884;0.766081;0.142207;,
  0.000261;0.793525;0.142028;,
  0.000261;0.763035;0.147822;,
  0.053968;0.817331;0.052284;,
  0.056878;0.808586;0.050585;,
  0.053134;0.806875;0.039222;,
  0.056794;0.802884;0.051891;,
  0.065180;0.814120;0.085660;,
  0.060617;0.804711;0.120613;,
  0.067879;0.800361;0.110018;,
  0.063192;0.820018;0.084891;,
  0.067517;0.772446;0.104710;,
  0.056216;0.730585;0.114603;,
  0.000260;0.707181;0.112473;,
  0.047902;0.722180;0.128031;,
  0.000261;0.706263;0.127346;,
  0.057879;0.823751;0.104602;,
  0.040195;0.823072;0.119334;,
  0.058759;0.820728;0.061442;,
  0.042844;0.823457;0.034671;,
  0.058016;0.824909;0.058862;,
  0.024589;0.809863;0.004687;,
  0.000000;0.804095;-0.010359;,
  0.033928;0.805199;0.130832;,
  0.049669;0.773895;0.131070;,
  0.059796;0.768451;0.117633;,
  0.050375;0.756951;0.131404;,
  0.025448;0.735709;0.139454;,
  0.000261;0.730022;0.141745;,
  0.000000;0.782878;0.061342;,
  0.059796;0.768451;0.117633;,
  0.050375;0.756951;0.131404;,
  0.060133;0.808025;0.061102;,
  0.056794;0.802884;0.051891;,
  0.056878;0.808586;0.050585;,
  0.060133;0.808025;0.061102;,
  0.059334;0.809799;0.061955;,
  0.065180;0.814120;0.085660;,
  0.062207;0.823824;0.086434;,
  0.059334;0.809799;0.061955;,
  0.052658;0.802649;0.044432;,
  0.048519;0.806594;0.044844;,
  0.064276;0.798268;0.038905;,
  0.052561;0.801966;0.042465;,
  0.000008;0.786613;0.001626;,
  0.000000;0.771251;-0.006336;,
  0.000000;0.560198;-0.052150;,
  -0.000000;0.504848;-0.052327;,
  -0.000000;0.510855;0.103606;,
  -0.000000;0.803224;0.005928;,
  0.025448;0.735709;0.139454;,
  0.000261;0.730022;0.141745;,
  0.000261;0.812366;0.136111;,
  0.000261;0.826459;0.128869;,
  0.000000;0.603778;0.079976;,
  0.064276;0.798268;0.038905;,
  0.103007;0.732952;0.072101;,
  0.094938;0.729995;0.041750;,
  0.097545;0.729614;0.026750;,
  0.086654;0.741454;-0.003098;,
  0.067517;0.772446;0.104710;,
  0.094938;0.729995;0.041750;,
  -0.066847;0.781374;0.012382;,
  -0.033582;0.769846;0.000834;,
  -0.079196;0.760735;0.002580;,
  -0.032270;0.794398;0.025181;,
  -0.086655;0.741453;-0.003098;,
  -0.054853;0.710512;-0.033041;,
  -0.093475;0.705745;0.000483;,
  -0.041642;0.744084;-0.017510;,
  -0.042179;0.802423;0.079176;,
  -0.076929;0.775917;0.092589;,
  -0.046593;0.778516;0.098967;,
  -0.063464;0.797374;0.064579;,
  -0.092222;0.555502;0.054438;,
  -0.046937;0.561995;0.082480;,
  -0.091266;0.565245;0.050511;,
  -0.045892;0.550633;0.087300;,
  -0.079396;0.566596;-0.012887;,
  -0.093523;0.539613;0.008348;,
  -0.048052;0.562177;-0.047855;,
  -0.076859;0.513504;-0.027354;,
  -0.045738;0.511465;-0.039872;,
  -0.000000;0.559771;0.082402;,
  -0.000000;0.546373;0.087082;,
  -0.053386;0.647872;0.086143;,
  0.000000;0.682005;0.102595;,
  -0.057550;0.684758;0.098590;,
  0.000000;0.648186;0.090384;,
  -0.101782;0.513706;0.076321;,
  -0.045603;0.512528;0.103486;,
  -0.101314;0.516843;0.014045;,
  -0.048828;0.604696;0.077663;,
  -0.086447;0.649343;0.067034;,
  -0.098871;0.657799;0.049672;,
  -0.074979;0.618344;-0.009829;,
  -0.085090;0.608723;0.046892;,
  -0.092258;0.671044;-0.003725;,
  -0.056159;0.675509;-0.040900;,
  -0.050731;0.618761;-0.045560;,
  -0.134812;0.786809;0.003517;,
  -0.118174;0.730481;0.007985;,
  -0.184630;0.786976;0.014100;,
  -0.234227;0.722633;0.022564;,
  -0.239399;0.775480;0.022509;,
  -0.178034;0.722547;0.014069;,
  -0.123884;0.727554;0.075326;,
  -0.173323;0.722898;0.083003;,
  -0.178034;0.722547;0.014069;,
  -0.225220;0.723039;0.079417;,
  -0.234227;0.722633;0.022564;,
  -0.122488;0.737542;0.087881;,
  -0.179540;0.787503;0.085458;,
  -0.130937;0.787001;0.080661;,
  -0.230487;0.775693;0.081817;,
  -0.133995;0.796092;0.036776;,
  -0.265001;0.777023;0.016834;,
  -0.323638;0.718584;0.018105;,
  -0.322811;0.759344;0.017190;,
  -0.262631;0.714802;0.017890;,
  -0.359661;0.717227;0.020143;,
  -0.366903;0.749067;0.019824;,
  -0.262631;0.714802;0.017890;,
  -0.320950;0.728178;0.077494;,
  -0.323638;0.718584;0.018105;,
  -0.258492;0.715429;0.083451;,
  -0.360718;0.725500;0.065131;,
  -0.359661;0.717227;0.020143;,
  -0.319861;0.759738;0.078724;,
  -0.260771;0.777281;0.084978;,
  -0.367099;0.749869;0.062742;,
  -0.097069;0.795149;0.069339;,
  -0.102416;0.804040;0.036766;,
  -0.063464;0.797374;0.064579;,
  -0.064276;0.798267;0.038905;,
  -0.095381;0.691791;0.081719;,
  -0.052658;0.802649;0.044432;,
  -0.097017;0.791145;0.010550;,
  -0.079196;0.760735;0.002580;,
  -0.103947;0.761969;0.004778;,
  -0.066847;0.781374;0.012382;,
  -0.100735;0.737412;0.087528;,
  -0.106278;0.741604;0.085371;,
  -0.058212;0.721962;0.103612;,
  -0.000000;0.716208;0.105872;,
  -0.000000;0.775287;0.098180;,
  -0.076929;0.775917;0.092589;,
  -0.106278;0.741604;0.085371;,
  -0.097629;0.729655;0.026757;,
  -0.118174;0.730481;0.007985;,
  -0.103003;0.732946;0.072093;,
  -0.102158;0.696859;0.046250;,
  -0.096523;0.699998;0.014693;,
  -0.086655;0.741453;-0.003098;,
  -0.103779;0.694968;0.063334;,
  -0.049722;0.806565;0.044219;,
  -0.044027;0.795642;0.086040;,
  0.000008;0.805803;0.086003;,
  -0.000000;0.800327;0.094391;,
  -0.035142;0.808194;0.022355;,
  -0.041104;0.814979;0.025664;,
  -0.028540;0.808466;0.010532;,
  -0.048297;0.810269;0.037051;,
  -0.053919;0.804930;0.042658;,
  -0.043673;0.795065;0.053447;,
  -0.024361;0.766081;0.142207;,
  0.000261;0.763035;0.147822;,
  -0.053957;0.815940;0.052055;,
  -0.057505;0.809210;0.051867;,
  -0.049912;0.806903;0.038389;,
  -0.054903;0.804918;0.052439;,
  -0.067648;0.772589;0.107136;,
  -0.067337;0.815522;0.085086;,
  -0.056870;0.798502;0.074193;,
  -0.068645;0.800714;0.108681;,
  -0.064004;0.754949;0.104608;,
  -0.056197;0.731089;0.114932;,
  0.000260;0.707181;0.112473;,
  -0.047608;0.722342;0.127988;,
  0.000261;0.706263;0.127346;,
  -0.039095;0.823342;0.119153;,
  -0.057756;0.823764;0.103917;,
  -0.057565;0.821169;0.062640;,
  -0.057751;0.824983;0.060252;,
  -0.042613;0.823440;0.034482;,
  -0.024615;0.809870;0.004703;,
  -0.032737;0.805180;0.131092;,
  -0.048669;0.773742;0.131427;,
  -0.062406;0.754740;0.117756;,
  -0.050453;0.756816;0.130952;,
  0.000261;0.730022;0.141745;,
  -0.024926;0.735709;0.139454;,
  0.000000;0.782878;0.061342;,
  -0.062406;0.754740;0.117756;,
  -0.050453;0.756816;0.130952;,
  -0.054903;0.804918;0.052439;,
  -0.057813;0.799385;0.054871;,
  -0.057505;0.809210;0.051867;,
  -0.057813;0.799385;0.054871;,
  -0.056870;0.798502;0.074193;,
  -0.057420;0.809899;0.058423;,
  -0.064290;0.824419;0.086365;,
  -0.057420;0.809899;0.058423;,
  -0.052658;0.802649;0.044432;,
  -0.049722;0.806565;0.044219;,
  -0.064276;0.798267;0.038905;,
  -0.053919;0.804930;0.042658;,
  -0.000000;0.510855;0.103606;,
  -0.024926;0.735709;0.139454;,
  0.000261;0.730022;0.141745;,
  0.000000;0.603778;0.079976;,
  -0.064276;0.798267;0.038905;,
  -0.103003;0.732946;0.072093;,
  -0.095008;0.730026;0.041742;,
  -0.097629;0.729655;0.026757;,
  -0.086655;0.741453;-0.003098;,
  -0.064004;0.754949;0.104608;,
  -0.095008;0.730026;0.041742;,
  0.000261;0.826459;0.128869;,
  0.000001;0.814041;0.057949;,
  -0.039095;0.823342;0.119153;,
  0.040195;0.823072;0.119334;,
  0.000001;0.814041;0.057949;,
  0.000261;0.826459;0.128869;,
  0.057879;0.823751;0.104602;,
  0.062207;0.823824;0.086434;,
  0.058016;0.824909;0.058862;,
  0.042844;0.823457;0.034671;,
  0.024589;0.809863;0.004687;,
  0.000000;0.804095;-0.010359;,
  -0.024615;0.809870;0.004703;,
  0.000001;0.814041;0.057949;,
  -0.042613;0.823440;0.034482;,
  -0.057751;0.824983;0.060252;,
  -0.057756;0.823764;0.103917;,
  -0.039095;0.823342;0.119153;,
  -0.064290;0.824419;0.086365;,
  -0.076859;0.513504;-0.027354;,
  -0.101782;0.513706;0.076321;,
  -0.101314;0.516843;0.014045;,
  -0.045603;0.512528;0.103486;,
  -0.045738;0.511465;-0.039872;,
  -0.000000;0.510855;0.103606;,
  -0.000000;0.504848;-0.052327;,
  0.101782;0.513707;0.076321;,
  0.076859;0.513504;-0.027354;,
  0.101314;0.516843;0.014045;,
  0.045603;0.512528;0.103486;,
  0.045738;0.511465;-0.039872;,
  0.366903;0.749067;0.019824;,
  0.360718;0.725500;0.065131;,
  0.359661;0.717227;0.020143;,
  0.360718;0.725500;0.065131;,
  0.366903;0.749067;0.019824;,
  0.367099;0.749869;0.062742;,
  -0.360718;0.725500;0.065131;,
  -0.366903;0.749067;0.019824;,
  -0.359661;0.717227;0.020143;,
  -0.366903;0.749067;0.019824;,
  -0.360718;0.725500;0.065131;,
  -0.367099;0.749869;0.062742;;
  494;
  3;0,1,2;,
  3;1,0,3;,
  3;4,5,6;,
  3;5,4,7;,
  3;8,9,10;,
  3;9,8,11;,
  3;12,13,14;,
  3;13,12,15;,
  3;16,12,17;,
  3;12,16,15;,
  3;18,19,20;,
  3;19,18,16;,
  3;6,21,22;,
  3;21,6,5;,
  3;14,23,24;,
  3;23,14,13;,
  3;25,26,27;,
  3;26,25,28;,
  3;14,29,12;,
  3;29,14,30;,
  3;12,31,17;,
  3;31,12,29;,
  3;32,33,25;,
  3;34,35,36;,
  3;35,34,37;,
  3;35,38,36;,
  3;38,35,39;,
  3;40,39,41;,
  3;39,40,38;,
  3;42,43,44;,
  3;43,45,46;,
  3;45,43,47;,
  3;48,49,50;,
  3;49,51,50;,
  3;51,49,52;,
  3;53,54,55;,
  3;53,50,54;,
  3;53,48,50;,
  3;50,56,54;,
  3;56,50,51;,
  3;57,54,43;,
  3;54,47,43;,
  3;47,54,56;,
  3;58,59,60;,
  3;59,58,61;,
  3;61,62,59;,
  3;62,61,63;,
  3;64,65,66;,
  3;65,64,67;,
  3;67,68,65;,
  3;68,67,69;,
  3;66,70,71;,
  3;70,66,65;,
  3;65,72,70;,
  3;72,65,68;,
  3;71,61,58;,
  3;61,71,70;,
  3;70,63,61;,
  3;63,70,72;,
  3;56,58,47;,
  3;58,56,71;,
  3;47,60,45;,
  3;60,47,58;,
  3;51,64,66;,
  3;64,51,52;,
  3;66,56,51;,
  3;56,66,71;,
  3;73,57,74;,
  3;57,73,55;,
  3;74,75,73;,
  3;75,74,76;,
  3;33,28,25;,
  3;28,33,77;,
  3;10,78,8;,
  3;79,80,81;,
  3;80,79,82;,
  3;42,82,79;,
  3;83,11,84;,
  3;83,9,11;,
  3;83,85,9;,
  3;86,11,87;,
  3;11,86,84;,
  3;73,75,88;,
  3;55,89,53;,
  3;55,88,89;,
  3;55,73,88;,
  3;90,48,91;,
  3;48,90,92;,
  3;36,93,34;,
  3;93,36,94;,
  3;95,92,90;,
  3;7,94,36;,
  3;93,96,34;,
  3;8,97,98;,
  3;97,8,78;,
  3;98,99,8;,
  3;99,98,100;,
  3;16,17,19;,
  3;17,31,19;,
  3;101,102,103;,
  3;102,101,104;,
  3;105,98,97;,
  3;98,105,106;,
  3;107,108,109;,
  3;104,110,111;,
  3;110,104,101;,
  3;112,111,113;,
  3;111,112,104;,
  3;114,115,116;,
  3;115,114,117;,
  3;114,116,113;,
  3;106,118,119;,
  3;118,106,105;,
  3;120,121,122;,
  3;121,120,119;,
  3;112,102,104;,
  3;115,123,124;,
  3;125,126,127;,
  3;101,103,128;,
  3;103,129,128;,
  3;130,115,124;,
  3;131,132,116;,
  3;132,131,133;,
  3;122,134,135;,
  3;115,131,116;,
  3;100,106,136;,
  3;106,100,98;,
  3;136,119,120;,
  3;119,136,106;,
  3;121,119,137;,
  3;138,121,137;,
  3;139,140,141;,
  3;142,114,113;,
  3;139,143,144;,
  3;141,143,139;,
  3;145,125,127;,
  3;125,145,117;,
  3;125,114,146;,
  3;114,125,117;,
  3;102,147,2;,
  3;147,102,148;,
  3;78,10,149;,
  3;148,112,150;,
  3;112,148,102;,
  3;112,113,150;,
  3;151,1,152;,
  3;1,151,2;,
  3;20,153,18;,
  3;153,20,154;,
  3;24,30,14;,
  3;30,24,155;,
  3;156,2,151;,
  3;2,156,102;,
  3;157,109,158;,
  3;109,157,107;,
  3;103,156,129;,
  3;156,103,102;,
  3;159,108,130;,
  3;159,124,160;,
  3;124,159,130;,
  3;49,48,92;,
  3;44,43,46;,
  3;39,16,18;,
  3;16,39,35;,
  3;35,15,16;,
  3;15,35,37;,
  3;15,32,13;,
  3;32,15,37;,
  3;13,161,23;,
  3;161,13,32;,
  3;147,162,2;,
  3;2,162,0;,
  3;81,74,79;,
  3;74,81,76;,
  3;79,57,42;,
  3;57,79,74;,
  3;57,43,42;,
  3;54,57,55;,
  3;123,117,145;,
  3;123,115,117;,
  3;126,125,110;,
  3;128,126,101;,
  3;126,110,101;,
  3;111,125,146;,
  3;125,111,110;,
  3;37,34,33;,
  3;83,163,85;,
  3;34,77,33;,
  3;77,34,96;,
  3;33,32,37;,
  3;99,11,8;,
  3;28,86,26;,
  3;86,28,84;,
  3;84,77,83;,
  3;77,84,28;,
  3;77,163,83;,
  3;163,77,96;,
  3;163,93,164;,
  3;93,163,96;,
  3;164,94,165;,
  3;94,164,93;,
  3;7,165,94;,
  3;165,7,4;,
  3;5,40,21;,
  3;40,5,38;,
  3;38,7,36;,
  3;7,38,5;,
  3;6,3,4;,
  3;3,6,1;,
  3;166,82,44;,
  3;82,166,80;,
  3;82,42,44;,
  3;53,91,48;,
  3;91,53,89;,
  3;1,22,152;,
  3;22,1,6;,
  3;167,116,132;,
  3;150,113,167;,
  3;116,167,113;,
  3;137,119,118;,
  3;130,107,131;,
  3;107,133,131;,
  3;133,107,157;,
  3;134,121,138;,
  3;131,115,130;,
  3;27,32,25;,
  3;32,27,161;,
  3;99,87,11;,
  3;18,41,39;,
  3;41,18,153;,
  3;107,130,108;,
  3;134,122,121;,
  3;90,91,168;,
  3;169,170,171;,
  3;170,169,172;,
  3;173,174,175;,
  3;174,173,176;,
  3;177,178,179;,
  3;178,177,180;,
  3;181,182,183;,
  3;182,181,184;,
  3;185,181,183;,
  3;181,185,186;,
  3;187,188,185;,
  3;188,187,189;,
  3;176,21,174;,
  3;21,176,22;,
  3;184,190,182;,
  3;190,184,191;,
  3;192,193,194;,
  3;193,192,195;,
  3;184,196,197;,
  3;196,184,181;,
  3;181,198,196;,
  3;198,181,186;,
  3;199,192,200;,
  3;201,202,203;,
  3;202,201,204;,
  3;202,205,206;,
  3;205,202,204;,
  3;40,206,205;,
  3;206,40,41;,
  3;207,208,209;,
  3;209,210,211;,
  3;210,209,212;,
  3;213,214,215;,
  3;215,216,217;,
  3;216,215,214;,
  3;218,214,213;,
  3;218,219,214;,
  3;218,220,219;,
  3;214,221,216;,
  3;221,214,219;,
  3;222,209,219;,
  3;219,211,221;,
  3;211,219,209;,
  3;223,224,225;,
  3;224,223,226;,
  3;225,227,228;,
  3;227,225,224;,
  3;229,230,231;,
  3;230,229,232;,
  3;231,233,234;,
  3;233,231,230;,
  3;232,235,230;,
  3;235,232,236;,
  3;230,237,233;,
  3;237,230,235;,
  3;236,225,235;,
  3;225,236,223;,
  3;235,228,237;,
  3;228,235,225;,
  3;221,223,236;,
  3;223,221,211;,
  3;211,226,223;,
  3;226,211,210;,
  3;216,229,217;,
  3;229,216,232;,
  3;232,221,236;,
  3;221,232,216;,
  3;238,222,220;,
  3;222,238,239;,
  3;239,240,241;,
  3;240,239,238;,
  3;200,194,242;,
  3;194,200,192;,
  3;180,177,243;,
  3;244,245,246;,
  3;245,244,247;,
  3;207,244,246;,
  3;248,178,249;,
  3;248,179,178;,
  3;248,250,179;,
  3;251,179,250;,
  3;179,251,252;,
  3;238,253,240;,
  3;220,253,238;,
  3;220,254,253;,
  3;220,218,254;,
  3;255,213,256;,
  3;213,255,257;,
  3;204,258,259;,
  3;258,204,201;,
  3;260,255,256;,
  3;175,204,259;,
  3;258,201,261;,
  3;177,262,243;,
  3;262,177,263;,
  3;263,264,265;,
  3;264,263,177;,
  3;185,188,186;,
  3;186,188,198;,
  3;266,267,268;,
  3;267,266,269;,
  3;270,263,271;,
  3;263,270,262;,
  3;272,273,108;,
  3;269,274,267;,
  3;274,269,275;,
  3;276,275,269;,
  3;275,276,277;,
  3;278,279,280;,
  3;279,278,281;,
  3;280,277,278;,
  3;271,282,270;,
  3;282,271,283;,
  3;284,285,283;,
  3;285,284,286;,
  3;276,269,266;,
  3;281,287,288;,
  3;289,290,291;,
  3;267,292,268;,
  3;129,268,292;,
  3;293,287,281;,
  3;294,295,296;,
  3;295,294,278;,
  3;286,297,298;,
  3;281,278,294;,
  3;265,271,263;,
  3;271,265,299;,
  3;299,283,271;,
  3;283,299,284;,
  3;285,300,283;,
  3;301,300,285;,
  3;302,303,304;,
  3;305,277,280;,
  3;303,306,307;,
  3;304,303,307;,
  3;308,289,279;,
  3;289,308,290;,
  3;279,309,280;,
  3;309,279,289;,
  3;310,266,172;,
  3;266,310,311;,
  3;243,312,180;,
  3;311,276,266;,
  3;276,311,313;,
  3;276,313,277;,
  3;151,170,172;,
  3;170,151,152;,
  3;189,153,154;,
  3;153,189,187;,
  3;191,197,314;,
  3;197,191,184;,
  3;156,172,266;,
  3;172,156,151;,
  3;315,273,272;,
  3;273,315,316;,
  3;268,156,266;,
  3;156,268,129;,
  3;159,293,108;,
  3;159,287,293;,
  3;287,159,160;,
  3;215,256,213;,
  3;208,212,209;,
  3;206,185,202;,
  3;185,206,187;,
  3;202,183,203;,
  3;183,202,185;,
  3;183,199,203;,
  3;199,183,182;,
  3;182,317,199;,
  3;317,182,190;,
  3;310,172,318;,
  3;172,169,318;,
  3;247,239,241;,
  3;239,247,244;,
  3;244,222,239;,
  3;222,244,207;,
  3;222,207,209;,
  3;219,220,222;,
  3;288,308,279;,
  3;288,279,281;,
  3;291,274,289;,
  3;292,267,291;,
  3;291,267,274;,
  3;275,289,274;,
  3;289,275,309;,
  3;203,200,201;,
  3;248,249,319;,
  3;201,242,261;,
  3;242,201,200;,
  3;200,203,199;,
  3;264,177,179;,
  3;194,251,250;,
  3;251,194,193;,
  3;250,242,194;,
  3;242,250,248;,
  3;242,319,261;,
  3;319,242,248;,
  3;319,258,261;,
  3;258,319,320;,
  3;320,259,258;,
  3;259,320,321;,
  3;175,321,173;,
  3;321,175,259;,
  3;174,40,205;,
  3;40,174,21;,
  3;205,175,174;,
  3;175,205,204;,
  3;176,171,170;,
  3;171,176,173;,
  3;322,246,245;,
  3;246,322,208;,
  3;246,208,207;,
  3;218,257,254;,
  3;257,218,213;,
  3;170,22,176;,
  3;22,170,152;,
  3;323,295,278;,
  3;313,323,277;,
  3;278,277,323;,
  3;300,282,283;,
  3;293,294,272;,
  3;272,296,315;,
  3;296,272,294;,
  3;298,301,285;,
  3;294,293,281;,
  3;195,199,317;,
  3;199,195,192;,
  3;264,179,252;,
  3;41,187,206;,
  3;187,41,153;,
  3;272,108,293;,
  3;298,285,286;,
  3;255,324,257;,
  3;325,326,327;,
  3;328,329,330;,
  3;331,329,328;,
  3;332,329,331;,
  3;333,329,332;,
  3;329,333,334;,
  3;334,335,329;,
  3;335,336,329;,
  3;336,337,338;,
  3;338,337,339;,
  3;338,339,340;,
  3;338,341,342;,
  3;338,343,341;,
  3;338,340,343;,
  3;344,345,346;,
  3;344,347,345;,
  3;348,347,344;,
  3;348,349,347;,
  3;350,349,348;,
  3;351,352,353;,
  3;354,352,351;,
  3;354,355,352;,
  3;349,355,354;,
  3;350,355,349;,
  3;356,357,358;,
  3;359,360,361;,
  3;362,363,364;,
  3;365,366,367;;

  MeshNormals {
   368;
   -0.033010;0.671930;-0.739879;,
   0.155148;0.612265;-0.775281;,
   0.428267;0.298138;-0.853054;,
   0.111591;0.378214;-0.918968;,
   0.453314;0.114873;-0.883918;,
   0.368698;0.298276;-0.880394;,
   0.175712;0.516968;-0.837777;,
   0.875170;0.072594;-0.478338;,
   -0.830318;0.429161;0.355518;,
   0.224785;0.406137;0.885734;,
   0.227844;0.933823;0.275792;,
   0.150288;0.369403;0.917036;,
   0.853194;0.354307;0.382789;,
   0.303615;0.224193;0.926043;,
   0.221992;0.389188;0.894009;,
   0.936064;0.162907;0.311843;,
   0.885380;0.126607;-0.447294;,
   0.925631;0.258503;-0.276376;,
   0.405096;-0.026855;-0.913880;,
   0.701361;0.036216;-0.711885;,
   0.249290;-0.033951;-0.967834;,
   0.000000;0.328291;-0.944577;,
   -0.002231;0.514894;-0.857251;,
   -0.000000;0.203833;0.979006;,
   -0.000001;0.371074;0.928603;,
   0.293232;-0.278036;0.914719;,
   -0.000000;-0.219209;0.975678;,
   -0.000000;-0.279117;0.960257;,
   0.264557;-0.240648;0.933862;,
   0.740677;0.402350;0.538064;,
   0.173423;0.391601;0.903645;,
   0.942460;0.232546;-0.240192;,
   0.346940;-0.077135;0.934710;,
   0.686380;-0.318139;0.653965;,
   0.962520;-0.245951;0.114297;,
   0.907099;-0.042962;-0.418719;,
   0.885521;-0.107882;-0.451900;,
   0.948224;-0.093610;0.303495;,
   0.455757;0.086631;-0.885879;,
   0.498803;0.035839;-0.865974;,
   -0.000000;0.135002;-0.990845;,
   0.000000;0.043890;-0.999036;,
   0.093598;0.546530;-0.832192;,
   0.212325;0.693776;-0.688181;,
   0.019197;-0.721183;-0.692479;,
   -0.110742;-0.697588;-0.707890;,
   0.044614;-0.719322;-0.693243;,
   0.022919;0.717368;-0.696317;,
   -0.192611;-0.924718;0.328326;,
   0.044614;-0.719322;-0.693243;,
   0.009578;-0.722707;0.691089;,
   -0.093856;-0.697383;0.710526;,
   -0.110742;-0.697588;-0.707890;,
   -0.151288;-0.331633;0.931199;,
   0.111875;0.701415;0.703918;,
   0.035629;0.699889;0.713363;,
   0.050412;0.689291;0.722729;,
   0.132221;0.990674;-0.032913;,
   0.021655;0.715500;-0.698277;,
   0.032433;-0.753667;-0.656456;,
   -0.088626;-0.734988;-0.672264;,
   0.197101;0.662119;-0.723015;,
   0.008598;-0.750512;-0.660801;,
   0.192644;0.687815;-0.699856;,
   -0.088626;-0.734988;-0.672264;,
   0.179832;-0.587920;0.788676;,
   -0.018429;-0.719608;0.694136;,
   0.032433;-0.753667;-0.656456;,
   0.174740;-0.657628;0.732797;,
   0.008598;-0.750512;-0.660801;,
   0.291371;0.653951;0.698177;,
   0.077711;0.719844;0.689772;,
   0.328380;0.753893;0.569045;,
   0.088675;0.896987;0.433072;,
   0.096657;0.988511;-0.116200;,
   0.227844;0.933823;0.275792;,
   0.027603;0.953072;-0.301483;,
   0.704468;-0.232009;0.670743;,
   0.473396;0.860563;-0.187958;,
   -0.101270;0.690299;-0.716402;,
   0.111591;0.378214;-0.918968;,
   -0.033010;0.671930;-0.739879;,
   0.073513;0.101537;-0.992112;,
   0.602677;-0.185920;0.776025;,
   0.216576;-0.026750;0.975899;,
   0.196068;-0.334730;0.921690;,
   -0.000069;-0.008549;0.999964;,
   0.000853;0.247112;0.968987;,
   0.224785;0.406137;0.885734;,
   0.196068;-0.334730;0.921690;,
   0.650738;-0.753819;-0.091087;,
   0.597226;-0.742311;0.303801;,
   0.019197;-0.721183;-0.692479;,
   0.989118;0.026126;-0.144787;,
   0.984814;0.024289;-0.171903;,
   0.453314;0.114873;-0.883918;,
   0.981806;-0.100124;0.161344;,
   0.149877;-0.047553;-0.987561;,
   -0.600332;0.333180;-0.727044;,
   -0.004480;-0.798267;0.602288;,
   0.000117;0.068610;-0.997644;,
   0.764902;0.193665;-0.614344;,
   0.674746;-0.443979;-0.589577;,
   0.601235;-0.691659;-0.400156;,
   0.758140;0.291265;-0.583428;,
   0.036285;-0.688209;-0.724605;,
   -0.313233;0.085000;-0.945865;,
   0.291821;0.061783;0.954475;,
   0.000848;0.244364;0.969683;,
   0.000001;0.016865;0.999858;,
   0.829275;0.268136;-0.490312;,
   0.926700;0.134003;-0.351100;,
   0.691668;-0.280800;-0.665393;,
   0.928671;-0.203259;-0.310252;,
   0.988524;0.143498;-0.047203;,
   0.676769;0.298332;0.673039;,
   0.947604;0.196084;0.252188;,
   0.956574;0.291414;-0.006686;,
   0.976952;-0.212610;-0.019040;,
   0.799575;-0.564219;-0.205758;,
   -0.001840;-0.876693;-0.481047;,
   0.598187;-0.670209;0.439309;,
   -0.000658;-0.903673;0.428224;,
   0.827997;0.420693;0.370728;,
   0.351242;0.495752;0.794267;,
   0.952489;0.076228;-0.294879;,
   0.832322;0.231523;-0.503624;,
   0.908274;-0.090488;-0.408473;,
   0.572583;-0.598375;-0.560443;,
   -0.001565;-0.994517;-0.104564;,
   0.288075;0.325705;0.900516;,
   0.576876;0.072263;0.813629;,
   0.841671;-0.075750;0.534651;,
   0.648420;-0.055106;0.759286;,
   0.245202;-0.264115;0.932802;,
   0.000000;-0.373663;0.927565;,
   -0.002186;0.061168;-0.998125;,
   0.841671;-0.075750;0.534651;,
   0.648420;-0.055106;0.759286;,
   0.980283;0.013824;-0.197113;,
   0.928671;-0.203259;-0.310252;,
   0.926700;0.134003;-0.351100;,
   0.980283;0.013824;-0.197113;,
   0.923548;0.283198;-0.258568;,
   0.988524;0.143498;-0.047203;,
   0.974774;0.209576;0.076769;,
   0.923548;0.283198;-0.258568;,
   0.473396;0.860563;-0.187958;,
   0.149877;-0.047553;-0.987561;,
   0.027603;0.953072;-0.301483;,
   0.036285;-0.688209;-0.724605;,
   0.003269;0.480152;-0.877179;,
   -0.009894;0.491954;-0.870565;,
   0.000000;-0.039630;-0.999214;,
   0.000229;-0.164036;-0.986454;,
   -0.000000;0.421802;0.906688;,
   0.008739;-0.735212;-0.677781;,
   0.245202;-0.264115;0.932802;,
   0.000000;-0.373663;0.927565;,
   -0.000134;0.391169;0.920319;,
   -0.002849;0.457032;0.889446;,
   -0.000000;-0.072956;0.997335;,
   0.027603;0.953072;-0.301483;,
   0.597226;-0.742311;0.303801;,
   0.831853;-0.551841;-0.059095;,
   0.650738;-0.753819;-0.091087;,
   0.453314;0.114873;-0.883918;,
   0.976952;-0.212610;-0.019040;,
   0.831853;-0.551841;-0.059095;,
   0.035450;0.664969;-0.746029;,
   -0.157779;0.608696;-0.777557;,
   -0.104114;0.379596;-0.919275;,
   -0.423482;0.348152;-0.836333;,
   -0.452362;0.118536;-0.883922;,
   -0.368557;0.298329;-0.880435;,
   -0.876731;0.070066;-0.475850;,
   -0.173798;0.524268;-0.833629;,
   0.765433;0.511459;0.390540;,
   -0.196063;0.392385;0.898662;,
   -0.139362;0.367024;0.919713;,
   -0.200683;0.941192;0.271815;,
   -0.853193;0.354307;0.382791;,
   -0.303615;0.224191;0.926044;,
   -0.936065;0.162905;0.311841;,
   -0.221993;0.389186;0.894010;,
   -0.885380;0.126608;-0.447294;,
   -0.925631;0.258502;-0.276375;,
   -0.405096;-0.026854;-0.913880;,
   -0.701362;0.036216;-0.711885;,
   -0.249439;-0.033570;-0.967809;,
   -0.000000;0.203833;0.979006;,
   -0.000001;0.371074;0.928603;,
   -0.293232;-0.278036;0.914719;,
   -0.000000;-0.219209;0.975678;,
   -0.264558;-0.240649;0.933862;,
   -0.000000;-0.279117;0.960257;,
   -0.740677;0.402349;0.538064;,
   -0.173424;0.391602;0.903644;,
   -0.942460;0.232546;-0.240191;,
   -0.346940;-0.077135;0.934710;,
   -0.686347;-0.318152;0.653993;,
   -0.962906;-0.244659;0.113820;,
   -0.907101;-0.042963;-0.418714;,
   -0.948226;-0.093604;0.303491;,
   -0.886145;-0.106992;-0.450888;,
   -0.455696;0.086586;-0.885914;,
   -0.498803;0.035839;-0.865974;,
   -0.091399;0.529561;-0.843334;,
   -0.018988;-0.721196;-0.692471;,
   -0.221285;0.686184;-0.692954;,
   0.110914;-0.697464;-0.707985;,
   -0.024502;0.716248;-0.697415;,
   -0.044545;-0.719077;-0.693502;,
   0.191654;-0.929823;0.314161;,
   -0.005342;-0.734324;0.678778;,
   -0.044545;-0.719077;-0.693502;,
   0.095343;-0.714225;0.693392;,
   0.110914;-0.697464;-0.707985;,
   0.158487;-0.370766;0.915104;,
   -0.120334;0.687230;0.716404;,
   -0.023800;0.683728;0.729349;,
   -0.052042;0.671675;0.739016;,
   -0.125999;0.990629;-0.052721;,
   -0.021507;0.715427;-0.698357;,
   -0.032433;-0.753666;-0.656456;,
   -0.197129;0.662015;-0.723102;,
   0.088626;-0.734988;-0.672264;,
   -0.008598;-0.750512;-0.660801;,
   -0.192632;0.687892;-0.699784;,
   0.088626;-0.734988;-0.672264;,
   -0.188793;-0.615027;0.765571;,
   -0.032433;-0.753666;-0.656456;,
   0.021030;-0.733456;0.679412;,
   -0.174739;-0.657629;0.732796;,
   -0.008598;-0.750512;-0.660801;,
   -0.309259;0.622281;0.719115;,
   -0.076580;0.707607;0.702444;,
   -0.338129;0.753089;0.564381;,
   -0.049462;0.898285;0.436620;,
   -0.065784;0.989897;-0.125602;,
   -0.200683;0.941192;0.271815;,
   -0.030575;0.953449;-0.300002;,
   -0.704350;-0.231982;0.670876;,
   -0.528188;0.826978;-0.192677;,
   0.112780;0.684667;-0.720078;,
   -0.104114;0.379596;-0.919275;,
   -0.071183;0.102662;-0.992166;,
   0.035450;0.664969;-0.746029;,
   -0.594804;-0.186942;0.781832;,
   -0.166909;-0.348597;0.922291;,
   -0.217374;-0.023365;0.975809;,
   -0.000069;-0.008549;0.999964;,
